1,0,0.00,1.50
2,1007,0.00,1.52
3,2795,0.00,1.56
4,4001,0.00,1.59
5,5849,0.00,1.64
6,6991,0.00,1.62
7,8822,0.00,1.57
8,9992,0.00,1.53
9,11795,0.00,1.52
10,12982,0.00,1.54
11,14760,0.00,1.58
12,16572,0.00,1.59
13,18386,0.00,1.62
14,20231,0.00,1.61
15,22075,0.00,1.53
16,23921,0.00,1.49
17,25766,0.00,1.48
18,27612,0.00,1.52
19,29459,0.00,1.53
20,31305,0.00,1.50
21,33152,0.00,1.46
22,34993,0.00,1.45
23,36833,0.00,1.43
24,38910,0.00,1.45
25,40755,0.00,1.48
26,42598,0.00,1.47
27,44441,0.00,1.40
28,46288,0.00,1.36
29,48133,0.00,1.38
30,49976,0.00,1.43
31,51824,0.00,1.42
32,53669,0.00,1.40
33,55515,0.00,1.38
34,57360,0.00,1.29
35,59202,0.00,1.24
36,61048,0.00,1.23
37,62891,0.00,1.26
38,64735,0.00,1.31
39,66579,0.00,1.29
40,68425,0.00,1.22
41,70272,0.00,1.17
42,72118,0.00,1.14
43,73964,0.00,1.13
44,75810,0.00,1.14
45,77654,0.00,1.16
46,79496,0.00,1.13
47,81338,0.00,1.07
48,83179,0.00,1.03
49,85024,0.00,1.01
50,86867,0.00,1.00
51,88712,0.00,1.00
52,90558,0.00,0.97
53,92405,0.00,0.95
54,94248,0.00,0.92
55,96091,0.00,0.92
56,97939,0.00,0.93
57,99780,0.00,0.91
58,101622,0.00,0.88
59,103465,0.00,0.82
60,105311,0.00,0.76
61,107390,0.00,0.78
62,109231,0.00,0.78
63,111074,0.00,0.82
64,112917,0.00,0.80
65,114762,0.00,0.72
66,116608,0.00,0.62
67,118455,0.00,0.59
68,120299,0.00,0.59
69,122142,0.00,0.61
70,123986,0.00,0.63
71,125834,0.00,0.62
72,127675,0.00,0.59
73,129519,0.00,0.54
74,131364,0.00,0.49
75,133209,0.00,0.51
76,135056,0.00,0.54
77,136902,0.00,0.55
78,138749,0.00,0.53
79,140596,0.00,0.50
80,142441,0.00,0.48
81,144281,0.00,0.50
82,146124,0.00,0.51
83,147965,0.00,0.54
84,149808,0.00,0.53
85,151655,0.00,0.49
86,153498,0.00,0.48
87,155343,0.00,0.48
88,157189,0.00,0.52
89,159036,0.00,0.58
90,160882,0.00,0.58
91,162729,0.00,0.55
92,164575,0.00,0.52
93,166414,0.00,0.51
94,168257,0.00,0.56
95,170097,0.00,0.60
96,171942,0.00,0.65
97,173787,0.00,0.69
98,175866,0.00,0.62
99,177712,0.00,0.57
100,179556,0.00,0.56
101,181403,0.00,0.58
102,183251,0.00,0.63
103,185099,0.00,0.66
104,186947,0.00,0.67
105,188789,0.00,0.65
106,190632,0.00,0.62
107,192478,0.00,0.60
108,194323,0.00,0.62
109,196165,0.00,0.65
110,198009,0.00,0.63
111,199857,0.00,0.61
112,201705,0.00,0.62
113,203551,0.00,0.67
114,205398,0.00,0.67
115,207247,0.00,0.63
116,209095,0.00,0.60
117,210937,0.00,0.55
118,212784,0.00,0.55
119,214628,0.00,0.58
120,216473,0.00,0.62
121,218317,0.00,0.65
122,220162,0.00,0.62
123,222009,0.00,0.54
124,223856,0.00,0.48
125,225702,0.00,0.47
126,227550,0.00,0.49
127,229398,0.00,0.53
128,231240,0.00,0.59
129,233086,0.00,0.59
130,234931,0.00,0.54
131,236781,0.00,0.46
132,238628,0.00,0.44
133,240475,0.00,0.46
134,242320,0.00,0.47
135,244168,0.00,0.48
136,246250,0.00,0.45
137,248096,0.00,0.42
138,249942,0.00,0.41
139,251790,0.00,0.40
140,253635,0.00,0.37
141,255481,0.00,0.34
142,257331,0.00,0.31
143,259173,0.00,0.32
144,261018,0.00,0.34
145,262866,0.00,0.35
146,264712,0.00,0.37
147,266560,0.00,0.33
148,268408,0.00,0.25
149,270256,0.00,0.23
150,272102,0.00,0.23
151,273948,0.00,0.26
152,275792,0.00,0.29
153,277637,0.00,0.30
154,279480,0.00,0.26
155,281325,0.00,0.19
156,283168,0.00,0.14
157,285013,0.00,0.08
158,286861,0.00,0.11
159,288709,0.00,0.15
160,290555,0.00,0.15
161,292403,0.00,0.10
162,294251,0.00,0.04
163,296097,0.00,0.04
164,297941,0.00,0.06
165,299787,0.00,0.07
166,301634,0.00,0.09
167,303477,0.00,0.05
168,305323,0.00,0.00
169,307167,0.00,0.00
170,309013,0.00,0.00
171,310861,0.00,0.03
172,312709,0.00,0.05
173,314791,0.00,0.03
174,316637,0.00,0.00
175,318485,0.00,0.05
176,320327,0.00,0.05
177,322173,0.00,0.02
178,324018,0.00,0.01
179,325863,0.00,0.00
180,327709,0.00,0.01
181,329553,0.00,0.05
182,331401,0.00,0.09
183,333249,0.00,0.07
184,335097,0.00,0.03
185,336943,0.00,0.01
186,338791,0.00,0.02
187,340638,0.00,0.06
188,342482,0.00,0.07
189,344326,0.00,0.05
190,346171,0.00,0.05
191,348016,0.00,0.02
192,349860,0.00,0.03
193,351704,0.00,0.04
194,353550,0.00,0.06
195,355397,0.00,0.04
196,357243,0.00,0.02
197,359091,0.00,0.04
198,360939,0.00,0.02
199,362781,0.00,0.00
200,364624,0.00,0.05
201,366470,0.00,0.05
202,368320,0.00,0.01
203,370165,0.00,0.03
204,372009,0.00,0.09
205,373859,0.00,0.08
206,375707,0.00,0.03
207,377555,0.00,0.00
208,379402,0.00,0.00
209,381250,0.00,0.03
210,383332,0.00,0.09
211,385176,0.00,0.11
212,387022,0.00,0.09
213,388867,0.00,0.06
214,390711,0.00,0.04
215,392557,0.00,0.03
216,394406,0.00,0.08
217,396254,0.00,0.12
218,398102,0.00,0.13
219,399950,0.00,0.10
220,401796,0.00,0.09
221,403644,0.00,0.11
222,405492,0.00,0.14
223,407336,0.00,0.14
224,409183,0.00,0.15
225,411027,0.00,0.13
226,412872,0.00,0.13
227,414718,0.00,0.13
228,416564,0.00,0.13
229,418411,0.00,0.17
230,420259,0.00,0.17
231,422107,0.00,0.10
232,423955,0.00,0.10
233,425801,0.00,0.13
234,427649,0.00,0.16
235,429493,0.00,0.18
236,431336,0.00,0.16
237,433182,0.00,0.14
238,435027,0.00,0.13
239,436871,0.00,0.10
240,438716,0.00,0.13
241,440564,0.00,0.19
242,442412,0.00,0.22
243,444260,0.00,0.19
244,446108,0.00,0.13
245,447955,0.00,0.12
246,449802,0.00,0.16
247,451646,0.00,0.19
248,453723,0.00,0.20
249,455567,0.00,0.19
250,457413,0.00,0.13
251,459258,0.00,0.07
252,461102,0.00,0.08
253,462948,0.00,0.09
254,464796,0.00,0.14
255,466644,0.00,0.17
256,468488,0.00,0.11
257,470334,0.00,0.05
258,472176,0.00,0.01
259,474019,0.00,0.01
260,475864,0.00,0.01
261,477709,0.00,0.02
262,479554,0.00,0.02
263,481404,0.00,0.00
264,483248,0.00,0.01
265,485094,0.00,0.04
266,486940,0.00,0.06
267,488788,0.00,0.05
268,490636,0.00,0.07
269,492484,0.00,0.07
270,494326,0.00,0.07
271,496170,0.00,0.08
272,498015,0.00,0.06
273,499859,0.00,0.03
274,501704,0.00,0.06
275,503548,0.00,0.09
276,505398,0.00,0.14
277,507246,0.00,0.14
278,509092,0.00,0.10
279,510939,0.00,0.08
280,512787,0.00,0.01
281,514635,0.00,0.03
282,516476,0.00,0.13
283,518322,0.00,0.17
284,520166,0.00,0.18
285,522241,0.00,0.16
286,524087,0.00,0.09
287,525935,0.00,0.06
288,527783,0.00,0.06
289,529631,0.00,0.10
290,531477,0.00,0.15
291,533323,0.00,0.18
292,535171,0.00,0.17
293,537019,0.00,0.09
294,538861,0.00,0.07
295,540711,0.00,0.08
296,542559,0.00,0.13
297,544402,0.00,0.12
298,546246,0.00,0.09
299,548091,0.00,0.06
300,549938,0.00,0.04
301,551784,0.00,0.05
302,553632,0.00,0.09
303,555480,0.00,0.09
304,557328,0.00,0.08
305,559176,0.00,0.02
306,561019,0.00,0.03
307,562863,0.00,0.02
308,564708,0.00,0.00
309,566553,0.00,0.01
310,568395,0.00,0.00
311,570241,0.00,0.04
312,572087,0.00,0.06
313,573935,0.00,0.07
314,575783,0.00,0.07
315,577631,0.00,0.03
316,579477,0.00,0.00
317,581325,0.00,0.01
318,583172,0.00,0.05
319,585016,0.00,0.07
320,586860,0.00,0.06
321,588706,0.00,0.04
322,590784,0.00,0.03
323,592628,0.00,0.07
324,594476,0.00,0.07
325,596324,0.00,0.05
326,598170,0.00,0.00
327,600018,0.00,0.02
328,601866,0.00,0.03
329,603711,0.00,0.01
330,605553,0.00,0.02
331,607396,0.00,0.03
332,609242,0.00,0.02
333,611087,0.00,0.10
334,612936,0.00,0.09
335,614779,0.00,0.09
336,616627,0.00,0.04
337,618473,0.00,0.01
338,620321,0.00,0.01
339,622169,0.00,0.06
340,624015,0.00,0.12
341,625857,0.00,0.18
342,627703,0.00,0.19
343,629549,0.00,0.14
344,631397,0.00,0.14
345,633243,0.00,0.15
346,635090,0.00,0.19
347,636935,0.00,0.21
348,638781,0.00,0.22
349,640630,0.00,0.22
350,642476,0.00,0.22
351,644322,0.00,0.26
352,646170,0.00,0.30
353,648014,0.00,0.27
354,649858,0.00,0.25
355,651704,0.00,0.22
356,653549,0.00,0.20
357,655396,0.00,0.26
358,657242,0.00,0.32
359,659090,0.00,0.36
360,661172,0.00,0.34
361,663020,0.00,0.29
362,664868,0.00,0.28
363,666716,0.00,0.28
364,668564,0.00,0.31
365,670408,0.00,0.38
366,672254,0.00,0.43
367,674097,0.00,0.39
368,675942,0.00,0.33
369,677786,0.00,0.30
370,679633,0.00,0.33
371,681479,0.00,0.41
372,683325,0.00,0.44
373,685172,0.00,0.45
374,687020,0.00,0.43
375,688868,0.00,0.38
376,690714,0.00,0.36
377,692563,0.00,0.38
378,694407,0.00,0.42
379,696251,0.00,0.44
380,698094,0.00,0.40
381,699940,0.00,0.39
382,701785,0.00,0.38
383,703633,0.00,0.39
384,705481,0.00,0.40
385,707327,0.00,0.39
386,709173,0.00,0.39
387,711019,0.00,0.37
388,712867,0.00,0.34
389,714712,0.00,0.37
390,716558,0.00,0.40
391,718403,0.00,0.43
392,720249,0.00,0.42
393,722095,0.00,0.41
394,723940,0.00,0.40
395,725788,0.00,0.40
396,727636,0.00,0.39
397,729717,0.00,0.43
398,731565,0.00,0.44
399,733413,0.00,0.41
400,735258,0.00,0.36
401,737101,0.00,0.33
402,738946,0.00,0.35
403,740794,0.00,0.40
404,742643,0.00,0.39
405,744487,0.00,0.38
406,746333,0.00,0.34
407,748181,0.00,0.29
408,750027,0.00,0.25
409,751875,0.00,0.29
410,753723,0.00,0.33
411,755569,0.00,0.31
412,757411,0.00,0.29
413,759257,0.00,0.21
414,761102,0.00,0.19
415,762944,0.00,0.19
416,764792,0.00,0.23
417,766638,0.00,0.27
418,768484,0.00,0.28
419,770332,0.00,0.26
420,772180,0.00,0.20
421,774028,0.00,0.19
422,775876,0.00,0.22
423,777724,0.00,0.24
424,779566,0.00,0.25
425,781411,0.00,0.23
426,783260,0.00,0.20
427,785104,0.00,0.18
428,786950,0.00,0.19
429,788798,0.00,0.22
430,790644,0.00,0.24
431,792492,0.00,0.22
432,794340,0.00,0.19
433,796188,0.00,0.17
434,798270,0.00,0.19
435,800118,0.00,0.21
436,801959,0.00,0.21
437,803807,0.00,0.19
438,805652,0.00,0.17
439,807495,0.00,0.17
440,809339,0.00,0.20
441,811184,0.00,0.27
442,813032,0.00,0.29
443,814878,0.00,0.27
444,816724,0.00,0.23
445,818572,0.00,0.21
446,820420,0.00,0.25
447,822266,0.00,0.30
448,824108,0.00,0.34
449,825950,0.00,0.34
450,827794,0.00,0.34
451,829640,0.00,0.32
452,831486,0.00,0.30
453,833330,0.00,0.33
454,835178,0.00,0.39
455,837026,0.00,0.43
456,838872,0.00,0.44
457,840720,0.00,0.44
458,842568,0.00,0.42
459,844416,0.00,0.44
460,846260,0.00,0.46
461,848104,0.00,0.49
462,849948,0.00,0.51
463,851793,0.00,0.50
464,853638,0.00,0.48
465,855484,0.00,0.48
466,857332,0.00,0.52
467,859180,0.00,0.54
468,861027,0.00,0.55
469,862873,0.00,0.51
470,864719,0.00,0.48
471,866797,0.00,0.44
472,868643,0.00,0.46
473,870489,0.00,0.52
474,872333,0.00,0.53
475,874176,0.00,0.49
476,876020,0.00,0.43
477,877868,0.00,0.35
478,879716,0.00,0.31
479,881564,0.00,0.32
480,883412,0.00,0.40
481,885260,0.00,0.43
482,887108,0.00,0.40
483,888952,0.00,0.37
484,890798,0.00,0.30
485,892643,0.00,0.25
486,894488,0.00,0.29
487,896335,0.00,0.34
488,898185,0.00,0.36
489,900032,0.00,0.33
490,901880,0.00,0.27
491,903726,0.00,0.24
492,905574,0.00,0.22
493,907422,0.00,0.24
494,909270,0.00,0.27
495,911115,0.00,0.28
496,912961,0.00,0.25
497,914803,0.00,0.20
498,916649,0.00,0.18
499,918494,0.00,0.21
500,920340,0.00,0.21
501,922186,0.00,0.18
502,924034,0.00,0.16
503,925882,0.00,0.14
504,927730,0.00,0.14
505,929576,0.00,0.15
506,931424,0.00,0.20
507,933268,0.00,0.18
508,935116,0.00,0.14
509,937192,0.00,0.06
510,939037,0.00,0.04
511,940881,0.00,0.08
512,942727,0.00,0.16
513,944575,0.00,0.18
514,946421,0.00,0.18
515,948269,0.00,0.17
516,950117,0.00,0.11
517,951963,0.00,0.06
518,953811,0.00,0.13
519,955651,0.00,0.21
520,957496,0.00,0.28
521,959342,0.00,0.28
522,961188,0.00,0.25
523,963034,0.00,0.21
524,964879,0.00,0.20
525,966727,0.00,0.23
526,968573,0.00,0.25
527,970419,0.00,0.29
528,972267,0.00,0.30
529,974115,0.00,0.26
530,975963,0.00,0.28
531,977802,0.00,0.28
532,979645,0.00,0.28
533,981488,0.00,0.26
534,983336,0.00,0.25
535,985180,0.00,0.26
536,987026,0.00,0.26
537,988874,0.00,0.29
538,990722,0.00,0.29
539,992568,0.00,0.27
540,994414,0.00,0.24
541,996262,0.00,0.18
542,998106,0.00,0.18
543,999952,0.00,0.22
544,1001798,0.00,0.27
545,1003643,30.00,0.32
546,1005722,30.00,0.26
547,1007535,30.00,0.20
548,1009347,30.00,0.13
549,1011159,30.00,0.11
550,1012972,30.00,0.12
551,1015983,30.00,0.23
552,1017829,30.00,0.26
553,1019646,30.00,0.22
554,1021455,30.00,0.14
555,1023264,30.00,0.03
556,1025073,30.00,0.00
557,1028081,30.00,0.04
558,1029925,30.00,0.04
559,1031741,30.00,0.04
560,1033556,30.00,0.15
561,1035370,30.00,0.28
562,1037181,30.00,0.42
563,1040193,30.00,0.54
564,1042037,30.00,0.61
565,1043850,30.00,0.70
566,1045662,30.00,0.85
567,1047474,30.00,1.04
568,1049282,30.00,1.25
569,1052288,30.00,1.50
570,1054134,30.00,1.64
571,1055951,30.00,1.79
572,1057765,30.00,2.01
573,1059578,30.00,2.29
574,1061389,30.00,2.59
575,1064399,30.00,2.96
576,1066242,30.00,3.18
577,1068054,30.00,3.41
578,1069866,30.00,3.67
579,1071677,30.00,3.96
580,1073490,30.00,4.33
581,1075557,30.00,4.71
582,1077368,30.00,4.98
583,1080378,30.00,5.42
584,1082228,30.00,5.72
585,1084044,30.00,6.03
586,1085855,30.00,6.40
587,1087665,30.00,6.77
588,1089475,30.00,7.09
589,1092483,30.00,7.58
590,1094330,30.00,7.82
591,1096142,30.00,8.09
592,1097957,30.00,8.40
593,1099771,30.00,8.77
594,1101582,30.00,9.11
595,1104594,30.00,9.61
596,1106441,30.00,9.86
597,1108254,30.00,10.14
598,1110066,30.00,10.48
599,1111874,30.00,10.86
600,1114883,30.00,11.38
601,1116728,30.00,11.69
602,1118541,30.00,11.92
603,1120355,30.00,12.13
604,1123367,30.00,12.61
605,1125216,30.00,12.89
606,1127031,30.00,13.13
607,1128845,30.00,13.35
608,1131851,30.00,13.75
609,1133692,30.00,13.96
610,1135504,30.00,14.16
611,1137313,30.00,14.33
612,1140324,30.00,14.68
613,1142172,30.00,14.85
614,1144254,30.00,15.03
615,1146071,30.00,15.19
616,1147884,30.00,15.32
617,1150896,30.00,15.54
618,1152737,30.00,15.71
619,1154551,30.00,15.88
620,1156361,30.00,16.02
621,1159368,30.00,16.11
622,1161215,30.00,16.18
623,1163030,30.00,16.31
624,1164843,30.00,16.44
625,1167855,30.00,16.59
626,1169700,30.00,16.60
627,1171516,30.00,16.58
628,1173326,30.00,16.61
629,1176333,30.00,16.78
630,1178177,30.00,16.86
631,1179990,30.00,16.88
632,1181801,30.00,16.89
633,1184812,30.00,16.95
634,1186657,30.00,16.99
635,1188473,30.00,17.02
636,1190287,30.00,17.05
637,1193299,30.00,17.06
638,1195143,30.00,17.07
639,1196956,30.00,17.11
640,1198768,30.00,17.15
641,1201775,30.00,17.16
642,1203618,30.00,17.08
643,1205432,30.00,17.09
644,1207245,30.00,17.13
645,1210258,30.00,17.26
646,1212339,30.00,17.31
647,1214156,30.00,17.31
648,1215969,30.00,17.29
649,1218977,30.00,17.36
650,1220821,30.00,17.44
651,1222632,30.00,17.49
652,1224444,30.00,17.53
653,1227454,30.00,17.57
654,1229299,30.00,17.61
655,1231115,30.00,17.67
656,1232929,30.00,17.71
657,1235941,30.00,17.83
658,1237790,30.00,17.90
659,1239602,30.00,17.97
660,1241413,30.00,18.05
661,1244418,30.00,18.17
662,1246266,30.00,18.24
663,1248077,30.00,18.35
664,1249887,30.00,18.44
665,1252900,30.00,18.61
666,1254746,30.00,18.73
667,1256561,30.00,18.83
668,1258373,30.00,18.93
669,1261384,30.00,19.10
670,1263227,30.00,19.21
671,1265038,30.00,19.32
672,1266850,30.00,19.47
673,1269860,30.00,19.69
674,1271707,30.00,19.84
675,1273522,30.00,19.95
676,1275336,30.00,20.05
677,1278348,30.00,20.30
678,1280196,30.00,20.45
679,1282275,30.00,20.61
680,1284088,30.00,20.71
681,1285899,30.00,20.81
682,1288907,30.00,21.02
683,1290749,30.00,21.17
684,1292562,30.00,21.33
685,1294374,30.00,21.46
686,1297389,30.00,21.61
687,1299237,30.00,21.69
688,1301053,30.00,21.81
689,1302866,30.00,21.92
690,1305874,30.00,22.16
691,1307719,30.00,22.31
692,1309532,30.00,22.39
693,1311344,30.00,22.45
694,1314353,30.00,22.58
695,1316201,30.00,22.72
696,1318018,30.00,22.82
697,1319831,30.00,22.92
698,1322843,30.00,23.02
699,1324689,30.00,23.07
700,1326500,30.00,23.14
701,1328311,30.00,23.20
702,1331319,30.00,23.30
703,1333170,30.00,23.37
704,1334985,30.00,23.42
705,1336794,30.00,23.50
706,1339806,30.00,23.53
707,1341656,30.00,23.52
708,1343471,30.00,23.49
709,1345284,30.00,23.55
710,1348292,30.00,23.67
711,1350373,30.00,23.71
712,1352183,30.00,23.74
713,1353993,30.00,23.67
714,1357003,30.00,23.71
715,1358849,30.00,23.73
716,1360665,30.00,23.77
717,1362478,30.00,23.83
718,1365491,30.00,23.78
719,1367339,30.00,23.75
720,1369154,30.00,23.74
721,1370965,30.00,23.79
722,1373973,30.00,23.85
723,1375816,30.00,23.83
724,1377629,30.00,23.78
725,1379443,30.00,23.76
726,1382452,30.00,23.77
727,1384301,30.00,23.83
728,1386116,30.00,23.84
729,1387930,30.00,23.79
730,1390943,30.00,23.77
731,1392792,30.00,23.78
732,1394604,30.00,23.79
733,1396415,30.00,23.79
734,1399428,30.00,23.76
735,1401279,30.00,23.76
736,1403092,30.00,23.78
737,1404905,30.00,23.81
738,1407918,30.00,23.81
739,1409768,30.00,23.75
740,1411583,30.00,23.74
741,1413393,30.00,23.76
742,1416401,30.00,23.83
743,1418246,30.00,23.83
744,1420328,30.00,23.83
745,1422141,30.00,23.83
746,1423952,30.00,23.84
747,1426964,30.00,23.91
748,1428813,30.00,23.94
749,1430628,30.00,23.95
750,1432441,30.00,23.95
751,1435450,30.00,23.97
752,1437295,30.00,24.02
753,1439108,30.00,24.05
754,1440919,30.00,24.11
755,1443926,30.00,24.12
756,1445774,30.00,24.13
757,1447589,30.00,24.15
758,1449402,30.00,24.22
759,1452414,30.00,24.32
760,1454264,30.00,24.35
761,1456079,30.00,24.36
762,1457888,30.00,24.37
763,1460894,30.00,24.45
764,1462739,30.00,24.54
765,1464553,30.00,24.61
766,1466363,30.00,24.64
767,1469372,30.00,24.62
768,1471221,30.00,24.65
769,1473037,30.00,24.72
770,1474850,30.00,24.78
771,1477863,30.00,24.84
772,1479708,30.00,24.85
773,1481521,30.00,24.88
774,1483332,30.00,24.90
775,1486339,30.00,25.06
776,1488419,30.00,25.14
777,1490231,30.00,25.20
778,1492045,30.00,25.22
779,1495057,30.00,25.25
780,1496905,30.00,25.24
781,1498720,30.00,25.28
782,1500533,30.00,25.34
783,1503540,30.00,25.37
784,1505386,30.00,25.36
785,1507199,30.00,25.38
786,1509012,30.00,25.39
787,1512021,30.00,25.45
788,1513870,30.00,25.46
789,1515685,30.00,25.48
790,1517499,30.00,25.51
791,1520511,30.00,25.60
792,1522358,30.00,25.62
793,1524168,30.00,25.62
794,1525977,30.00,25.58
795,1528987,30.00,25.63
796,1530830,30.00,25.67
797,1532643,30.00,25.72
798,1534455,30.00,25.78
799,1537468,30.00,25.74
800,1539315,30.00,25.66
801,1541131,30.00,25.67
802,1542945,30.00,25.73
803,1545953,30.00,25.82
804,1547799,30.00,25.81
805,1549610,30.00,25.75
806,1551422,30.00,25.71
807,1554432,30.00,25.72
808,1556281,30.00,25.73
809,1558364,30.00,25.78
810,1560179,30.00,25.78
811,1561992,30.00,25.74
812,1565004,30.00,25.69
813,1566847,30.00,25.66
814,1568659,30.00,25.67
815,1570468,30.00,25.65
816,1573475,30.00,25.65
817,1575321,30.00,25.65
818,1577136,30.00,25.66
819,1578949,30.00,25.63
820,1581961,30.00,25.60
821,1583811,30.00,25.53
822,1585626,30.00,25.54
823,1587440,30.00,25.56
824,1590445,30.00,25.63
825,1592291,30.00,25.61
826,1594105,30.00,25.56
827,1595915,30.00,25.49
828,1598924,30.00,25.53
829,1600771,30.00,25.58
830,1602586,30.00,25.62
831,1604400,30.00,25.62
832,1607414,30.00,25.55
833,1609261,30.00,25.52
834,1611072,30.00,25.56
835,1612882,30.00,25.63
836,1615891,30.00,25.77
837,1617736,30.00,25.79
838,1619549,30.00,25.75
839,1621359,30.00,25.70
840,1624371,30.00,25.71
841,1626455,30.00,25.79
842,1628270,30.00,25.83
843,1630084,30.00,25.85
844,1633092,30.00,25.78
845,1634936,30.00,25.77
846,1636750,30.00,25.79
847,1638561,30.00,25.81
848,1641571,30.00,25.87
849,1643417,30.00,25.91
850,1645232,30.00,25.91
851,1647046,30.00,25.91
852,1650058,30.00,25.94
853,1651907,30.00,25.95
854,1653722,30.00,26.00
855,1655530,30.00,26.07
856,1658536,30.00,26.12
857,1660380,30.00,26.10
858,1662193,30.00,26.08
859,1664005,30.00,26.06
860,1667017,30.00,26.10
861,1668866,30.00,26.16
862,1670682,30.00,26.21
863,1672495,30.00,26.24
864,1675509,30.00,26.22
865,1677352,30.00,26.15
866,1679165,30.00,26.11
867,1680977,30.00,26.17
868,1683985,30.00,26.28
869,1685831,30.00,26.35
870,1687648,30.00,26.31
871,1689461,30.00,26.25
872,1692475,30.00,26.17
873,1694325,30.00,26.23
874,1696407,30.00,26.34
875,1698218,30.00,26.42
876,1700029,30.00,26.41
877,1703036,30.00,26.31
878,1704880,30.00,26.28
879,1706693,30.00,26.35
880,1708505,30.00,26.44
881,1711519,30.00,26.46
882,1713367,30.00,26.47
883,1715182,30.00,26.42
884,1716996,30.00,26.36
885,1720006,30.00,26.41
886,1721851,30.00,26.46
887,1723664,30.00,26.47
888,1725474,30.00,26.49
889,1728483,30.00,26.36
890,1730328,30.00,26.27
891,1732143,30.00,26.25
892,1733957,30.00,26.22
893,1736970,30.00,26.27
894,1738819,30.00,26.28
895,1740635,30.00,26.28
896,1742444,30.00,26.24
897,1745453,30.00,26.17
898,1747297,30.00,26.12
899,1749114,30.00,26.15
900,1750924,30.00,26.18
901,1753936,30.00,26.26
902,1755783,30.00,26.23
903,1757599,30.00,26.13
904,1759412,30.00,26.05
905,1762425,30.00,26.11
906,1764509,30.00,26.16
907,1766319,30.00,26.20
908,1768130,30.00,26.21
909,1771137,30.00,26.10
910,1772984,30.00,26.05
911,1774795,30.00,26.08
912,1776607,30.00,26.18
913,1779620,30.00,26.26
914,1781467,30.00,26.21
915,1783283,30.00,26.14
916,1785093,30.00,26.08
917,1788099,30.00,26.15
918,1789945,30.00,26.21
919,1791758,30.00,26.27
920,1793570,30.00,26.28
921,1796579,30.00,26.14
922,1798428,30.00,26.10
923,1800243,30.00,26.09
924,1802057,30.00,26.13
925,1805069,30.00,26.16
926,1806914,30.00,26.14
927,1808726,30.00,26.13
928,1810538,30.00,26.10
929,1813544,30.00,26.15
930,1815390,30.00,26.18
931,1817203,30.00,26.16
932,1819016,30.00,26.15
933,1822028,30.00,26.09
934,1823876,30.00,26.06
935,1825691,30.00,26.06
936,1827505,30.00,26.08
937,1830513,30.00,26.08
938,1832591,30.00,26.06
939,1834404,30.00,26.07
940,1836213,30.00,26.06
941,1839221,30.00,26.09
942,1841068,30.00,26.08
943,1842884,30.00,26.05
944,1844698,30.00,26.06
945,1847710,30.00,26.15
946,1849558,30.00,26.17
947,1851369,30.00,26.18
948,1853180,30.00,26.15
949,1856187,30.00,26.11
950,1858036,30.00,26.14
951,1859849,30.00,26.16
952,1861661,30.00,26.20
953,1864673,30.00,26.16
954,1866522,30.00,26.09
955,1868337,30.00,26.08
956,1870150,30.00,26.10
957,1873160,30.00,26.21
958,1875005,30.00,26.25
959,1876817,30.00,26.23
960,1878628,30.00,26.18
961,1881639,30.00,26.11
962,1883483,30.00,26.11
963,1885299,30.00,26.16
964,1887112,30.00,26.22
965,1890126,30.00,26.21
966,1891974,30.00,26.14
967,1893791,30.00,26.11
968,1895600,30.00,26.09
969,1898609,30.00,26.16
970,1900453,30.00,26.16
971,1902532,30.00,26.18
972,1904345,30.00,26.14
973,1906159,30.00,26.11
974,1909171,30.00,26.14
975,1911020,30.00,26.14
976,1912835,30.00,26.17
977,1914649,30.00,26.16
978,1917655,30.00,26.10
979,1919502,30.00,26.07
980,1921314,30.00,26.07
981,1923125,30.00,26.07
982,1926133,30.00,26.07
983,1927982,30.00,26.04
984,1929797,30.00,26.06
985,1931610,30.00,26.06
986,1934623,30.00,26.04
987,1936471,30.00,25.99
988,1938285,30.00,26.01
989,1940094,30.00,26.02
990,1943104,30.00,26.08
991,1944949,30.00,26.10
992,1946763,30.00,26.07
993,1948572,30.00,26.02
994,1951586,30.00,26.02
995,1953433,30.00,25.99
996,1955248,30.00,26.05
997,1957060,30.00,26.08
998,1960075,30.00,26.00
999,1961923,30.00,25.92
1000,1963733,30.00,25.91
1001,1965543,30.00,25.95
1002,1968551,30.00,26.03
1003,1970635,30.00,26.02
1004,1972451,30.00,25.97
1005,1975464,30.00,25.94
1006,1977314,30.00,25.97
1007,1979130,30.00,26.01
1008,1982139,30.00,26.00
1009,1983987,30.00,25.97
1010,1985800,30.00,25.91
1011,1988807,30.00,25.86
1012,1990656,30.00,25.87
1013,1992469,30.00,25.92
1014,1995483,30.00,25.89
1015,1997334,30.00,25.86
1016,1999150,30.00,25.78
1017,2002163,30.00,25.83
1018,2004010,0.00,25.88
1019,2005822,0.00,25.87
1020,2007633,0.00,25.87
1021,2010640,0.00,25.84
1022,2012487,0.00,25.77
1023,2014299,0.00,25.83
1024,2016113,0.00,25.87
1025,2019125,0.00,25.87
1026,2020976,0.00,25.80
1027,2022791,0.00,25.75
1028,2024605,0.00,25.71
1029,2027610,0.00,25.77
1030,2029458,0.00,25.76
1031,2031268,0.00,25.71
1032,2033081,0.00,25.64
1033,2036087,0.00,25.52
1034,2037937,0.00,25.46
1035,2040023,0.00,25.34
1036,2041838,0.00,25.18
1037,2043652,0.00,25.06
1038,2046665,0.00,24.88
1039,2048511,0.00,24.78
1040,2050323,0.00,24.66
1041,2052133,0.00,24.45
1042,2055147,0.00,24.12
1043,2056996,0.00,23.91
1044,2058810,0.00,23.73
1045,2060624,0.00,23.57
1046,2063636,0.00,23.15
1047,2065485,0.00,22.86
1048,2067301,0.00,22.57
1049,2069115,0.00,22.31
1050,2072119,0.00,21.90
1051,2073965,0.00,21.57
1052,2075778,0.00,21.28
1053,2077590,0.00,21.00
1054,2080600,0.00,20.55
1055,2082450,0.00,20.23
1056,2084265,0.00,19.86
1057,2086079,0.00,19.49
1058,2089091,0.00,18.96
1059,2090942,0.00,18.63
1060,2092752,0.00,18.34
1061,2094563,0.00,17.97
1062,2097570,0.00,17.38
1063,2099416,0.00,17.07
1064,2101229,0.00,16.78
1065,2103043,0.00,16.51
1066,2106055,0.00,15.96
1067,2107905,0.00,15.62
1068,2109990,0.00,15.23
1069,2111805,0.00,14.95
1070,2113615,0.00,14.69
1071,2116622,0.00,14.18
1072,2118469,0.00,13.83
1073,2120282,0.00,13.55
1074,2122094,0.00,13.28
1075,2125104,0.00,12.93
1076,2126953,0.00,12.73
1077,2128769,0.00,12.47
1078,2130583,0.00,12.18
1079,2133595,0.00,11.80
1080,2135441,0.00,11.60
1081,2137254,0.00,11.42
1082,2139067,0.00,11.22
1083,2142074,0.00,10.82
1084,2143927,0.00,10.62
1085,2145740,0.00,10.48
1086,2147553,0.00,10.33
1087,2150565,0.00,10.13
1088,2152415,0.00,9.99
1089,2154231,0.00,9.80
1090,2156045,0.00,9.69
1091,2157854,0.00,9.60
1092,2159661,0.00,9.50
1093,2162669,0.00,9.45
1094,2164517,0.00,9.38
1095,2166334,0.00,9.24
1096,2168146,0.00,9.18
1097,2169959,0.00,9.11
1098,2171771,0.00,9.02
1099,2174784,0.00,9.08
1100,2176634,0.00,9.05
1101,2178713,0.00,8.95
1102,2180528,0.00,8.90
1103,2182341,0.00,8.84
1104,2184150,0.00,8.80
1105,2185959,0.00,8.79
1106,2188964,0.00,8.78
1107,2190814,0.00,8.76
1108,2192631,0.00,8.77
1109,2194445,0.00,8.72
1110,2196258,0.00,8.69
1111,2198070,0.00,8.73
1112,2201078,0.00,8.83
1113,2202925,0.00,8.85
1114,2204737,0.00,8.85
1115,2206548,0.00,8.86
1116,2208359,0.00,8.86
1117,2210172,0.00,8.85
1118,2213180,0.00,8.95
1119,2215031,0.00,8.97
1120,2216846,0.00,8.92
1121,2218663,0.00,8.92
1122,2220476,0.00,8.95
1123,2222285,0.00,8.97
1124,2225292,0.00,9.04
1125,2227137,0.00,9.06
1126,2228952,0.00,9.02
1127,2230765,0.00,8.97
1128,2232575,0.00,8.93
1129,2234387,0.00,8.94
1130,2237399,0.00,9.01
1131,2239249,0.00,9.00
1132,2241066,0.00,8.93
1133,2242880,0.00,8.87
1134,2244689,0.00,8.81
1135,2246760,0.00,8.73
1136,2248568,0.00,8.77
1137,2250375,0.00,8.77
1138,2253384,0.00,8.62
1139,2255236,0.00,8.51
1140,2257053,0.00,8.39
1141,2258867,0.00,8.30
1142,2260680,0.00,8.29
1143,2262492,0.00,8.28
1144,2265503,0.00,8.15
1145,2267352,0.00,8.02
1146,2269164,0.00,7.87
1147,2270975,0.00,7.78
1148,2272787,0.00,7.77
1149,2274595,0.00,7.73
1150,2277605,0.00,7.55
1151,2279454,0.00,7.44
1152,2281271,0.00,7.31
1153,2283086,0.00,7.18
1154,2284898,0.00,7.10
1155,2286711,0.00,7.01
1156,2289716,0.00,6.83
1157,2291563,0.00,6.69
1158,2293377,0.00,6.58
1159,2295188,0.00,6.48
1160,2296998,0.00,6.39
1161,2298807,0.00,6.28
1162,2301819,0.00,6.09
1163,2303668,0.00,5.99
1164,2305485,0.00,5.85
1165,2307299,0.00,5.78
1166,2309112,0.00,5.69
1167,2310921,0.00,5.57
1168,2313928,0.00,5.35
1169,2316009,0.00,5.21
1170,2317824,0.00,5.13
1171,2319635,0.00,5.07
1172,2321449,0.00,4.98
1173,2323260,0.00,4.85
1174,2326272,0.00,4.61
1175,2328122,0.00,4.46
1176,2329938,0.00,4.44
1177,2331749,0.00,4.40
1178,2333560,0.00,4.33
1179,2335369,0.00,4.24
1180,2338376,0.00,4.02
1181,2340224,0.00,3.93
1182,2342039,0.00,3.93
1183,2343855,0.00,3.87
1184,2345668,0.00,3.76
1185,2347480,0.00,3.65
1186,2350491,0.00,3.53
1187,2352339,0.00,3.47
1188,2354152,0.00,3.47
1189,2355964,0.00,3.44
1190,2357771,0.00,3.34
1191,2359580,0.00,3.24
1192,2362590,0.00,3.14
1193,2364436,0.00,3.12
1194,2366254,0.00,3.14
1195,2368068,0.00,3.12
1196,2369880,0.00,3.07
1197,2371692,0.00,3.00
1198,2374704,0.00,2.92
1199,2376549,0.00,2.90
1200,2378359,0.00,2.92
1201,2380171,0.00,2.97
1202,2381982,0.00,2.96
1203,2383791,0.00,2.91
1204,2385859,0.00,2.79
1205,2387669,0.00,2.78
1206,2390682,0.00,2.84
1207,2392532,0.00,2.88
1208,2394348,0.00,2.92
1209,2396164,0.00,2.93
1210,2397973,0.00,2.87
1211,2399783,0.00,2.80
1212,2402791,0.00,2.89
1213,2404637,0.00,2.93
1214,2406453,0.00,2.96
1215,2408265,0.00,2.91
1216,2410077,0.00,2.83
1217,2411889,0.00,2.83
1218,2414901,0.00,2.87
1219,2416749,0.00,2.92
1220,2418567,0.00,3.00
1221,2420376,0.00,3.02
1222,2422185,0.00,2.98
1223,2423994,0.00,2.97
1224,2427001,0.00,2.97
1225,2428849,0.00,3.00
1226,2430665,0.00,3.09
1227,2432480,0.00,3.11
1228,2434293,0.00,3.08
1229,2436105,0.00,3.08
1230,2439118,0.00,3.05
1231,2440965,0.00,3.09
1232,2442779,0.00,3.18
1233,2444592,0.00,3.19
1234,2446403,0.00,3.16
1235,2448213,0.00,3.16
1236,2451222,0.00,3.08
1237,2453306,0.00,3.09
1238,2455123,0.00,3.15
1239,2456939,0.00,3.18
1240,2458752,0.00,3.17
1241,2460564,0.00,3.17
1242,2463571,0.00,3.12
1243,2465422,0.00,3.10
1244,2467232,0.00,3.13
1245,2469044,0.00,3.15
1246,2470855,0.00,3.14
1247,2472664,0.00,3.17
1248,2475676,0.00,3.10
1249,2477525,0.00,3.09
1250,2479343,0.00,3.11
1251,2481157,0.00,3.05
1252,2482969,0.00,2.97
1253,2484777,0.00,2.94
1254,2487784,0.00,2.91
1255,2489632,0.00,2.90
1256,2491446,0.00,2.92
1257,2493258,0.00,2.85
1258,2495069,0.00,2.76
1259,2496881,0.00,2.67
1260,2499892,0.00,2.63
1261,2501742,0.00,2.65
1262,2503559,0.00,2.68
1263,2505373,0.00,2.62
1264,2507182,0.00,2.52
1265,2508991,0.00,2.42
1266,2511999,0.00,2.37
1267,2513848,0.00,2.42
1268,2515663,0.00,2.51
1269,2517475,0.00,2.44
1270,2519288,0.00,2.37
1271,2521100,0.00,2.28
1272,2523170,0.00,2.18
1273,2524980,0.00,2.17
1274,2527991,0.00,2.25
1275,2529839,0.00,2.18
1276,2531653,0.00,2.10
1277,2533464,0.00,2.02
1278,2535275,0.00,1.92
1279,2537084,0.00,1.90
1280,2540093,0.00,1.96
1281,2541943,0.00,1.92
1282,2543759,0.00,1.87
1283,2545574,0.00,1.83
1284,2547388,0.00,1.75
1285,2549199,0.00,1.67
1286,2552205,0.00,1.78
1287,2554053,0.00,1.76
1288,2555868,0.00,1.72
1289,2557679,0.00,1.70
1290,2559491,0.00,1.67
1291,2561300,0.00,1.61
1292,2564312,0.00,1.69
1293,2566161,0.00,1.70
1294,2567979,0.00,1.67
1295,2569793,0.00,1.63
1296,2571605,0.00,1.61
1297,2573412,0.00,1.58
1298,2576419,0.00,1.67
1299,2578266,0.00,1.75
1300,2580080,0.00,1.72
1301,2581891,0.00,1.70
1302,2583704,0.00,1.69
1303,2585516,0.00,1.65
1304,2588527,0.00,1.78
1305,2590377,0.00,1.92
1306,2592461,0.00,1.92
1307,2594272,0.00,1.89
1308,2596086,0.00,1.87
1309,2597896,0.00,1.84
1310,2599703,0.00,1.80
1311,2602714,0.00,1.94
1312,2604562,0.00,1.97
1313,2606379,0.00,1.95
1314,2608193,0.00,1.91
1315,2610005,0.00,1.89
1316,2611818,0.00,1.87
1317,2614829,0.00,1.96
1318,2616675,0.00,2.00
1319,2618488,0.00,2.03
1320,2620297,0.00,2.01
1321,2622107,0.00,1.98
1322,2623915,0.00,1.95
1323,2626925,0.00,2.03
1324,2628775,0.00,2.09
1325,2630591,0.00,2.10
1326,2632407,0.00,2.13
1327,2634220,0.00,2.11
1328,2636032,0.00,2.08
1329,2639039,0.00,2.12
1330,2640887,0.00,2.17
1331,2642701,0.00,2.18
1332,2644513,0.00,2.18
1333,2646323,0.00,2.19
1334,2648132,0.00,2.17
1335,2651143,0.00,2.22
1336,2652992,0.00,2.27
1337,2654809,0.00,2.27
1338,2656623,0.00,2.26
1339,2658436,0.00,2.23
1340,2660505,0.00,2.22
1341,2662313,0.00,2.22
1342,2664121,0.00,2.25
1343,2667129,0.00,2.25
1344,2668977,0.00,2.20
1345,2670790,0.00,2.14
1346,2672607,0.00,2.08
1347,2674420,0.00,2.08
1348,2676232,0.00,2.11
1349,2679245,0.00,2.14
1350,2681096,0.00,2.12
1351,2682908,0.00,2.02
1352,2684721,0.00,1.91
1353,2686531,0.00,1.86
1354,2688341,0.00,1.88
1355,2691346,0.00,1.98
1356,2693196,0.00,1.96
1357,2695013,0.00,1.88
1358,2696827,0.00,1.77
1359,2698640,0.00,1.66
1360,2700451,0.00,1.64
1361,2703459,0.00,1.76
1362,2705305,0.00,1.78
1363,2707119,0.00,1.70
1364,2708928,0.00,1.60
1365,2710741,0.00,1.49
1366,2712551,0.00,1.42
1367,2715561,0.00,1.51
1368,2717411,0.00,1.56
1369,2719227,0.00,1.53
1370,2721042,0.00,1.45
1371,2722856,0.00,1.33
1372,2724667,0.00,1.26
1373,2727673,0.00,1.34
1374,2729751,0.00,1.36
1375,2731564,0.00,1.35
1376,2733379,0.00,1.30
1377,2735189,0.00,1.24
1378,2737001,0.00,1.16
1379,2740013,0.00,1.20
1380,2741862,0.00,1.25
1381,2743679,0.00,1.23
1382,2745494,0.00,1.19
1383,2747304,0.00,1.15
1384,2749112,0.00,1.13
1385,2752119,0.00,1.13
1386,2753967,0.00,1.17
1387,2755782,0.00,1.18
1388,2757593,0.00,1.15
1389,2759406,0.00,1.13
1390,2761218,0.00,1.11
1391,2764229,0.00,1.11
1392,2766080,0.00,1.21
1393,2767895,0.00,1.23
1394,2769708,0.00,1.21
1395,2771518,0.00,1.22
1396,2773325,0.00,1.22
1397,2776335,0.00,1.18
1398,2778183,0.00,1.25
1399,2779998,0.00,1.36
1400,2781812,0.00,1.40
1401,2783624,0.00,1.37
1402,2785437,0.00,1.36
1403,2788448,0.00,1.38
1404,2790295,0.00,1.44
1405,2792107,0.00,1.49
1406,2793917,0.00,1.54
1407,2795726,0.00,1.57
1408,2797536,0.00,1.59
1409,2799603,0.00,1.55
1410,2801412,0.00,1.53
1411,2804424,0.00,1.63
1412,2806274,0.00,1.62
1413,2808089,0.00,1.58
1414,2809904,0.00,1.57
1415,2811718,0.00,1.57
1416,2813526,0.00,1.54
1417,2816533,0.00,1.58
1418,2818377,0.00,1.63
1419,2820192,0.00,1.61
1420,2822007,0.00,1.54
1421,2823819,0.00,1.50
1422,2825630,0.00,1.50
1423,2828642,0.00,1.48
1424,2830492,0.00,1.53
1425,2832309,0.00,1.58
1426,2834123,0.00,1.54
1427,2835931,0.00,1.46
1428,2837741,0.00,1.39
1429,2840746,0.00,1.38
1430,2842594,0.00,1.36
1431,2844409,0.00,1.39
1432,2846223,0.00,1.44
1433,2848036,0.00,1.41
1434,2849848,0.00,1.30
1435,2852860,0.00,1.20
1436,2854709,0.00,1.23
1437,2856523,0.00,1.22
1438,2858333,0.00,1.24
1439,2860143,0.00,1.30
1440,2861950,0.00,1.25
1441,2864960,0.00,1.08
1442,2866806,0.00,0.99
1443,2868890,0.00,1.00
1444,2870707,0.00,1.03
1445,2872522,0.00,1.04
1446,2874335,0.00,1.08
1447,2876147,0.00,1.08
1448,2879155,0.00,0.91
1449,2880999,0.00,0.87
1450,2882814,0.00,0.89
1451,2884625,0.00,0.91
1452,2886435,0.00,0.87
1453,2888245,0.00,0.88
1454,2891257,0.00,0.86
1455,2893105,0.00,0.76
1456,2894923,0.00,0.66
1457,2896737,0.00,0.66
1458,2898549,0.00,0.69
1459,2900358,0.00,0.72
1460,2903365,0.00,0.68
1461,2905211,0.00,0.67
1462,2907025,0.00,0.65
1463,2908837,0.00,0.59
1464,2910647,0.00,0.50
1465,2912458,0.00,0.44
1466,2915470,0.00,0.51
1467,2917318,0.00,0.49
1468,2919135,0.00,0.45
1469,2920949,0.00,0.42
1470,2922757,0.00,0.38
1471,2924569,0.00,0.36
1472,2927573,0.00,0.28
1473,2929420,0.00,0.26
1474,2931237,0.00,0.29
1475,2933049,0.00,0.26
1476,2934862,0.00,0.19
1477,2936935,0.00,0.19
1478,2938747,0.00,0.17
1479,2940558,0.00,0.14
1480,2943567,0.00,0.07
1481,2945408,0.00,0.05
1482,2947220,0.00,0.04
1483,2949033,0.00,0.05
1484,2950845,0.00,0.00
1485,2952655,0.00,0.04
1486,2955666,0.00,0.03
1487,2957514,0.00,0.05
1488,2959330,0.00,0.05
1489,2961146,0.00,0.05
1490,2962959,0.00,0.08
1491,2964771,0.00,0.10
1492,2967777,0.00,0.17
1493,2969623,0.00,0.21
1494,2971437,0.00,0.23
1495,2973249,0.00,0.23
1496,2975058,0.00,0.23
1497,2976870,0.00,0.26
1498,2979883,0.00,0.27
1499,2981731,0.00,0.27
1500,2983546,0.00,0.28
1501,2985361,0.00,0.31
1502,2987175,0.00,0.36
1503,2988981,0.00,0.40
1504,2991989,0.00,0.40
1505,2993834,0.00,0.40
1506,2995645,0.00,0.44
1507,2997458,0.00,0.47
1508,2999272,0.00,0.48
1509,3001084,0.00,0.48
1510,3004097,0.00,0.52
